,c1_c2,c2_c3,c3_c0,p1,p2,p3,p4
0,6.7910682750128775,6.999999652201162,17.660043150656026,[  11.20083141 -158.27005005],[  12.91868973 -151.65808105],[  18.92899132 -148.49661255],[  25.92893219 -148.52529907]
1,6.7910682750128775,6.999999652201162,17.660043150656026,[  11.20083141 -158.27005005],[  12.91868973 -151.65808105],[  18.92899132 -148.49661255],[  25.92893219 -148.52529907]
2,6.7910682750128775,6.999999652201162,17.660043150656026,[  11.20083141 -158.27005005],[  12.91868973 -151.65808105],[  18.92899132 -148.49661255],[  25.92893219 -148.52529907]
3,6.789445759908584,6.989162886866633,17.660042355311916,[  11.20083237 -158.27005005],[  12.92676258 -151.65058899],[  18.93982315 -148.49786377],[  25.92893219 -148.52529907]
4,6.779689981924453,6.948224723422111,17.660042355311916,[  11.20083237 -158.27005005],[  12.95948219 -151.62068176],[  18.98073769 -148.50480652],[  25.92893219 -148.52529907]
5,6.765511356923018,6.871946874722929,17.660042355311916,[  11.20083237 -158.27005005],[  13.01774216 -151.5670929 ],[  19.05698967 -148.51756287],[  25.92893219 -148.52529907]
6,6.74786105439706,6.763302273083966,17.660042355311916,[  11.20083237 -158.27005005],[  13.09987545 -151.49211121],[  19.16563797 -148.53573608],[  25.92893219 -148.52529907]
7,6.725630601424186,6.624219261272195,17.660042355311916,[  11.20083237 -158.27005005],[  13.2059164  -151.39614868],[  19.30480957 -148.56108093],[  25.92893219 -148.52529907]
8,6.70149831521822,6.480948650379596,17.68091228285716,[  11.20083237 -158.27005005],[  13.33617973 -151.27920532],[  19.47596931 -148.5934906 ],[  25.95660019 -148.52931213]
9,6.675184700794712,6.416119881152692,17.78247095692254,[  11.20083237 -158.27005005],[  13.49137497 -151.14266968],[  19.67710876 -148.63372803],[  26.09270287 -148.55158997]
10,6.647886795215714,6.385438036049833,17.928533131817023,[  11.20083237 -158.27005005],[  13.67000103 -150.98873901],[  19.90483093 -148.6819458 ],[  26.28956223 -148.58694458]
11,6.623196127937625,6.368048621618887,18.103704997255296,[  11.20083237 -158.27005005],[  13.87035465 -150.82095337],[  20.15768623 -148.73860168],[  26.52481842 -148.63056946]
12,6.601020147138267,6.356355911904877,18.30214343126184,[  11.20083237 -158.27005005],[  14.09464645 -150.63967896],[  20.43606186 -148.80667114],[  26.7912178 -148.6831665]
13,6.585436427646949,6.345920009119191,18.52139729110857,[  11.20083237 -158.27005005],[  14.34403133 -150.44631958],[  20.74125481 -148.88314819],[  27.08568573 -148.74568176]
14,6.577773308788824,6.336103503303259,18.760799958377618,[  11.20083237 -158.27005005],[  14.61935425 -150.24316406],[  21.07243347 -148.96846008],[  27.40675735 -148.81829834]
15,6.579479203097943,6.327018036539661,19.020240968954468,[  11.20083237 -158.27005005],[  14.92106915 -150.03326416],[  21.42855263 -149.06259155],[  27.75350761 -148.90103149]
16,6.589992349529149,6.320217284251896,19.300011451513047,[  11.20083237 -158.27005005],[  15.24970531 -149.81993103],[  21.80740929 -149.16838074],[  28.12520409 -148.9934082 ]
17,6.611897900867475,6.314562501604039,19.60055899751776,[  11.20083237 -158.27005005],[  15.60528851 -149.6038208 ],[  22.20943642 -149.28378296],[  28.52116585 -149.09465027]
18,6.637421611449374,6.315588528926826,19.91896416858141,[  11.20083237 -158.27005005],[  15.98975563 -149.39300537],[  22.62711143 -149.42256165],[  28.93905449 -149.20800781]
19,6.674382941296357,6.316886495042149,20.260810416652777,[  11.20083237 -158.27005005],[  16.40366364 -149.19271851],[  23.06785774 -149.56137085],[  29.38033676 -149.32543945]
20,6.724368557570631,6.313398996254302,20.62685278923974,[  11.20083237 -158.27005005],[  16.84603691 -149.00299072],[  23.5356884  -149.68540955],[  29.84451103 -149.44506836]
21,6.7798755074507,6.3088685172862355,21.016960949000822,[  11.20083237 -158.27005005],[  17.31687164 -148.83338928],[  24.02653503 -149.80659485],[  30.3308239  -149.56625366]
22,6.825407205446787,6.307211178340984,21.422054729561356,[  11.20083237 -158.27005005],[  17.81068802 -148.69078064],[  24.52429962 -149.92106628],[  30.82706451 -149.6842804 ]
23,6.868341382251853,6.303768257659947,21.830501177265223,[  11.20083237 -158.27005005],[  18.30539894 -148.57772827],[  25.01953506 -150.02496338],[  31.31910896 -149.79504395]
24,6.909631135753146,6.298856109129407,22.249254950003657,[  11.20083237 -158.27005005],[  18.80681229 -148.48460388],[  25.52037621 -150.11894226],[  31.81540298 -149.89933777]
25,6.960310812092036,6.29281770943597,22.682445702722102,[  11.20083237 -158.27005005],[  19.31521797 -148.37986755],[  26.03212738 -150.20443726],[  32.32159805 -149.9992218 ]
26,7.027533220649346,6.286321588288952,23.134452876177978,[  11.20083237 -158.27005005],[  19.82756233 -148.25740051],[  26.55788422 -150.27952576],[  32.84139252 -150.09147644]
27,7.0843656826345764,6.279776519401092,23.6073615662313,[  11.20083237 -158.27005005],[  20.35157394 -148.18499756],[  27.09919548 -150.34320068],[  33.37670517 -150.17448425]
28,7.130121220326327,6.273363618291374,24.1017573935521,[  11.20083237 -158.27005005],[  20.88105392 -148.17488098],[  27.65667725 -150.3951416 ],[  33.92831039 -150.24780273]
29,7.163136778580532,6.2672740052743725,24.617899479391507,[  11.20083237 -158.27005005],[  21.42060661 -148.21273804],[  28.23042679 -150.43464661],[  34.49647141 -150.31051636]
30,7.18391670889168,6.261620472502272,25.155662657273858,[  11.20083237 -158.27005005],[  21.97471428 -148.28305054],[  28.82027817 -150.46179199],[  35.08110046 -150.36181641]
31,7.199085186298869,6.256475899648294,25.71465975713762,[  11.20083237 -158.27005005],[  22.53468704 -148.39405823],[  29.42592621 -150.47676086],[  35.6819458  -150.40119934]
32,7.22420902426532,6.251853581287867,26.294311539244408,[  11.20083237 -158.27008057],[  23.08021927 -148.56860352],[  30.04700661 -150.47990417],[  36.29864883 -150.42849731]
33,7.265336331538498,6.24774402344718,26.892055082229454,[  11.20072842 -158.26338196],[  23.61295319 -148.79948425],[  30.68315125 -150.47203064],[  36.93083191 -150.44389343]
34,7.300175758231469,6.244044653872146,27.504022956219348,[  11.20036221 -158.23820496],[  24.17711449 -149.01522827],[  31.33403778 -150.45433044],[  37.57807922 -150.44799805]
35,7.33849156860448,6.240683795024523,28.127478707672864,[  11.19972897 -158.18612671],[  24.76142311 -149.21762085],[  31.99937439 -150.4282074 ],[  38.24004364 -150.44168091]
36,7.3821114336185145,6.237537698861265,28.761208038076408,[  11.19872284 -158.10340881],[  25.36222267 -149.41479492],[  32.67892075 -150.39535522],[  38.91638184 -150.42626953]
37,7.430684847712973,6.234507382845824,29.405579081016292,[  11.1970129  -157.99072266],[  25.98011589 -149.60388184],[  33.37247849 -150.35757446],[  39.60681915 -150.40316772]
38,7.483267812205574,6.2314990632167815,30.06007857041196,[  11.19450378 -157.84614563],[  26.61586571 -149.78013611],[  34.07986832 -150.3167572 ],[  40.31110382 -150.37406921]
39,7.538674922769511,6.228465039124344,30.72436587529509,[  11.19146824 -157.66920471],[  27.269701   -149.93978882],[  34.80093002 -150.27476501],[  41.0290451  -150.34078979]
40,7.595746377468585,6.225355058036465,31.39890471898404,[  11.18790627 -157.46125793],[  27.94127655 -150.08239746],[  35.53552246 -150.23336792],[  41.76046371 -150.30514526]
41,7.6532551801944,6.222163257872922,32.08407670671061,[  11.18384266 -157.22320557],[  28.63020515 -150.20324707],[  36.2834549  -150.19412231],[  42.50516891 -150.26889038]
42,7.709984517229632,6.218907447724237,32.7808388646238,[  11.17932987 -156.95822144],[  29.33587074 -150.29989624],[  37.04455566 -150.15834045],[  43.26300812 -150.23356628]
43,7.765040223295048,6.215578315740787,33.490174175063785,[  11.1744175  -156.66886902],[  30.05746841 -150.37263489],[  37.81859589 -150.12615967],[  44.03374481 -150.19921875]
44,7.817937326540855,6.212257346000265,34.211825651399266,[  11.16907597 -156.35308838],[  30.79409027 -150.42211914],[  38.60535431 -150.09916687],[  44.81722641 -150.16835022]
45,7.868526060223259,6.208961936174304,34.94615561181782,[  11.16330338 -156.01055908],[  31.54486084 -150.44967651],[  39.40460968 -150.078125  ],[  45.61323929 -150.1423645 ]
46,7.9169266272741385,6.205726288756005,35.69390589188012,[  11.15711117 -155.64157104],[  32.309021   -150.45744324],[  40.21611404 -150.06297302],[  46.42156601 -150.12132263]
47,7.9636367602631015,6.2025692509845145,36.4557904101683,[  11.1505127  -155.24667358],[  33.08559799 -150.44467163],[  41.03961945 -150.05345154],[  47.24197006 -150.10552979]
48,8.00886789126073,6.19950691392109,37.233180481547244,[  11.1429491  -154.82693481],[  33.8745079 -150.4178772],[  41.87488174 -150.04911804],[  48.07421875 -150.09501648]
49,8.052959640979404,6.196540589352789,38.02310783499764,[  11.1381979 -154.3833313],[  34.67559052 -150.38232422],[  42.72166443 -150.04937744],[  48.91807556 -150.08943176]
50,8.096268121619822,6.193658671848123,38.822922971636615,[  11.13963509 -153.91700745],[  35.48853302 -150.3407135 ],[  43.57973099 -150.05422974],[  49.77329636 -150.08822632]
51,8.139044705143473,6.190858334390596,39.62959209313567,[  11.1509285  -153.42901611],[  36.31319809 -150.29620361],[  44.44887543 -150.06210327],[  50.63966751 -150.09074402]
52,8.181400650737007,6.1881244814592264,40.43938867727554,[  11.17641926 -152.92160034],[  37.14949036 -150.25172424],[  45.32891083 -150.07173157],[  51.51698685 -150.09622192]
53,8.22338684750603,6.1854315459760905,41.25196492316793,[  11.21766186 -152.41142273],[  37.99721146 -150.20777893],[  46.21964264 -150.08241272],[  52.40503693 -150.10388184]
54,8.264938654455786,6.182773681446102,42.063255392003576,[  11.27845287 -151.90283203],[  38.85626602 -150.16807556],[  47.12086868 -150.09355164],[  53.30361176 -150.11300659]
55,8.305944969409529,6.180180154031114,42.870423564870386,[  11.36093998 -151.39277649],[  39.72650909 -150.13497925],[  48.03239822 -150.10452271],[  54.21255112 -150.12287903]
56,8.346311849153205,6.177615923441106,43.67030917568913,[  11.46786308 -150.88842773],[  40.60773849 -150.10884094],[  48.95404816 -150.11488342],[  55.13163757 -150.13298035]
57,8.385984628099678,6.175110398406311,44.46198986658696,[  11.59945297 -150.39857483],[  41.49971008 -150.08999634],[  49.88562393 -150.12445068],[  56.06070709 -150.14279175]
58,8.4249342329538,6.172640563940569,45.24201858102897,[  11.75812244 -149.92221069],[  42.40218735 -150.07861328],[  50.82694626 -150.13296509],[  56.9995575 -150.1519928]
59,8.463145008801236,6.170232627283709,46.008978029053836,[  11.94431114 -149.4644165 ],[  43.31494522 -150.07336426],[  51.7778244  -150.14044189],[  57.94802475 -150.16040039]
60,8.500640986492117,6.167871180247985,46.76739513182427,[  12.15233517 -149.03108215],[  44.23775482 -150.07305908],[  52.73807526 -150.1468811 ],[  58.90591049 -150.16793823]
61,8.537468003204722,6.165536524907118,47.5175619512822,[  12.38090324 -148.62007141],[  45.17040253 -150.07672119],[  53.70753479 -150.1524353 ],[  59.87303162 -150.17456055]
62,8.573610917415895,6.16327026342625,48.25813586062423,[  12.63058949 -148.22827148],[  46.11270905 -150.08329773],[  54.68600082 -150.15727234],[  60.84922791 -150.18034363]
63,8.609112039209393,6.161026563134891,48.987976713068576,[  12.90176773 -147.85507202],[  47.06447601 -150.09178162],[  55.67330551 -150.16152954],[  61.83428574 -150.1854248 ]
64,8.64398726471608,6.158831894661999,49.70670853611592,[  13.19419193 -147.50003052],[  48.02553177 -150.10124207],[  56.66928101 -150.16539001],[  62.82806396 -150.18994141]
65,8.678233158318458,6.156690018349398,50.4135660716358,[  13.50800896 -147.1632843 ],[  48.99571228 -150.11103821],[  57.67375183 -150.16900635],[  63.83039093 -150.19404602]
66,8.711863272570007,6.154585509223764,51.10789800540646,[  13.84327602 -146.84509277],[  49.97483826 -150.12055969],[  58.68654633 -150.17256165],[  64.84107971 -150.19789124]
67,8.744886910520156,6.152518401486344,51.78941882298766,[  14.19971371 -146.54624939],[  50.96274948 -150.12942505],[  59.7075119  -150.17608643],[  65.85997772 -150.20152283]
68,8.777338706031749,6.150488999890746,52.45823751569738,[  14.57665253 -146.26783752],[  51.9592514 -150.1374054],[  60.73648834 -150.17967224],[  66.88692474 -150.20510864]
69,8.809194531684478,6.148512751411766,53.114797121570184,[  14.9730854  -146.01123047],[  52.96419144 -150.14453125],[  61.77330017 -150.18341064],[  67.92176056 -150.20878601]
70,8.840453279599258,6.146574650036706,53.75995346879869,[  15.38759899 -145.77775574],[  53.97741699 -150.15075684],[  62.8177948  -150.18728638],[  68.96431732 -150.21260071]
71,8.871148334904882,6.144670881105019,54.39520521692299,[  15.81818581 -145.56861877],[  54.99875259 -150.15609741],[  63.86983109 -150.19129944],[  70.01445007 -150.21655273]
72,8.901285925485647,6.142797504875615,55.02253468884833,[  16.26236725 -145.38497925],[  56.02803421 -150.16081238],[  64.92925262 -150.19548035],[  71.0719986  -150.22064209]
73,8.930849487399472,6.1409739074929215,55.644137789686354,[  16.71754265 -145.22756958],[  57.0651207  -150.16513062],[  65.99590302 -150.19976807],[  72.13682556 -150.22488403]
74,8.95988041998863,6.139173323040813,56.26215298994581,[  17.18121719 -145.09669495],[  58.10983658 -150.16917419],[  67.06964874 -150.20414734],[  73.20877075 -150.22924805]
75,8.988362767084304,6.137411010063291,56.87863626701922,[  17.65107536 -144.99232483],[  59.16204453 -150.17312622],[  68.15033722 -150.20861816],[  74.28769684 -150.23373413]
76,9.016314893858235,6.135694348230013,57.49547738401506,[  18.1250248  -144.91412354],[  60.22158051 -150.17709351],[  69.23782349 -150.21310425],[  75.37346649 -150.23820496]
77,9.043744491403062,6.1340082661515645,58.11436453870068,[  18.60125732 -144.86154175],[  61.28831482 -150.18112183],[  70.33198547 -150.21766663],[  76.46594238 -150.24276733]
78,9.070643620970246,6.132352701403354,58.736678694395074,[  19.07828522 -144.83387756],[  62.36209488 -150.1852417 ],[  71.43266296 -150.22225952],[  77.56496429 -150.24736023]
79,9.09706911907473,6.130727779007404,59.3636137012901,[  19.55490112 -144.8303833 ],[  63.44275665 -150.18948364],[  72.53974915 -150.2268219 ],[  78.67042542 -150.25195312]
80,9.122971384454399,6.129148883687389,59.99615294204774,[  20.03009796 -144.85043335],[  64.53019714 -150.19381714],[  73.65309143 -150.23132324],[  79.78218842 -150.25654602]
81,9.148392814069805,6.127600129715109,60.63507424779957,[  20.50312042 -144.89323425],[  65.62425995 -150.19827271],[  74.77257538 -150.23590088],[  80.9001236  -150.26112366]
82,9.173325778337492,6.126097151728648,61.280471784281666,[  20.97408104 -144.95608521],[  66.72480011 -150.20278931],[  75.8980484  -150.24049377],[  82.02409363 -150.26571655]
83,9.19778553629252,6.12460936958734,61.932125995798486,[  21.44353676 -145.03486633],[  67.83171082 -150.20736694],[  77.02941895 -150.24510193],[  83.15397644 -150.27030945]
84,9.221780155769979,6.123151791361405,62.5902636405447,[  21.91146851 -145.1267395 ],[  68.94484711 -150.21195984],[  78.16654968 -150.24978638],[  84.28964996 -150.27490234]
85,9.245309386100145,6.121724918950563,63.26444920365921,[  22.36720085 -145.24468994],[  70.06407928 -150.21655273],[  79.30931091 -150.25447083],[  85.4309845  -150.27954102]
86,9.268388235836571,6.120336380792484,63.9762422498418,[  22.78826141 -145.40129089],[  71.18929291 -150.22120667],[  80.45760345 -150.25915527],[  86.57788849 -150.28422546]
87,9.291039905876351,6.118970480866888,64.72065417685359,[  23.18147469 -145.57499695],[  72.32035065 -150.22590637],[  81.61131287 -150.26390076],[  87.73023224 -150.28890991]
88,9.313241757566754,6.117635285618503,65.4720467539007,[  23.5768528  -145.70480347],[  73.45713806 -150.23057556],[  82.77030182 -150.26869202],[  88.88788605 -150.29368591]
89,9.335023808783884,6.11632304071342,66.24421787543481,[  23.95778275 -145.82453918],[  74.59953308 -150.23527527],[  83.93447876 -150.27346802],[  90.05075073 -150.29846191]
90,9.356378804842949,6.115049067276983,67.03782101345182,[  24.32307816 -145.93951416],[  75.74742126 -150.23995972],[  85.10372162 -150.27827454],[  91.21871948 -150.30329895]
91,9.377321629664298,6.113783036516525,67.85151248746658,[  24.67403793 -146.04789734],[  76.9006958  -150.24465942],[  86.27793884 -150.28305054],[  92.39167023 -150.30818176]
92,9.397860224936634,6.112531889140925,68.68439143358823,[  25.0114212  -146.14933777],[  78.05923462 -150.24934387],[  87.45701599 -150.2878418 ],[  93.56949615 -150.31298828]
93,9.417994528309183,6.1113187001821005,69.53571906894612,[  25.33584213 -146.24383545],[  79.22293091 -150.25410461],[  88.64084625 -150.29272461],[  94.75211334 -150.31784058]
94,9.437739610778841,6.110143846089358,70.40474808503585,[  25.647892   -146.33157349],[  80.39167023 -150.25888062],[  89.82933044 -150.29759216],[  95.93942261 -150.32272339]
95,9.45709547224794,6.10899181726156,71.29076229175286,[  25.94812012 -146.41271973],[  81.56535339 -150.26370239],[  91.02236938 -150.30247498],[  97.13130951 -150.3276062 ]
96,9.476069929772995,6.107877621647718,72.1932690099255,[  26.23688507 -146.48750305],[  82.7438736  -150.26858521],[  92.21986389 -150.30743408],[  98.32769012 -150.33248901]
97,9.49465535401557,6.106801511135735,73.11172358395538,[  26.51458168 -146.5562439 ],[  83.92713928 -150.27346802],[  93.42171478 -150.31240845],[  99.52846527 -150.33737183]
98,9.51289708321308,6.1057180837987195,74.04558195649096,[  26.78158951 -146.6191864 ],[  85.11502838 -150.27836609],[  94.62784576 -150.31730652],[ 100.73351288 -150.34225464]
99,9.530772917139736,6.1046727408341415,74.994354415339,[  27.03828621 -146.67671204],[  86.30744934 -150.2832489 ],[  95.8381424  -150.32226562],[ 101.94276428 -150.34718323]
100,9.548297864345676,6.103627460218092,75.95753140943431,[  27.28504181 -146.72917175],[  87.50432587 -150.28814697],[  97.05254364 -150.32725525],[ 103.1561203  -150.35215759]
101,9.56548712105192,6.102620388523207,76.9346967910255,[  27.5221405 -146.7774353],[  88.70553589 -150.29302979],[  98.27094269 -150.33222961],[ 104.37351227 -150.35713196]
102,9.582348379176892,6.101628513237037,77.92531810608013,[  27.7500267  -146.82090759],[  89.91099548 -150.2979126 ],[  99.49326324 -150.33721924],[ 105.594841   -150.36210632]
103,9.598858437839985,6.100667529234519,78.92897684505324,[  27.96897125 -146.86054993],[  91.12062073 -150.30284119],[ 100.7193985 -150.3421936],[ 106.82001495 -150.36715698]
104,9.61504049787815,6.099729309078031,79.94523952652384,[  28.17933273 -146.89616394],[  92.3343277  -150.30781555],[ 101.94928741 -150.347229  ],[ 108.04896545 -150.37223816]
105,9.63091750983285,6.098790964029896,80.97365525082822,[  28.38141251 -146.92825317],[  93.55200195 -150.31278992],[ 103.18283844 -150.35229492],[ 109.28157806 -150.37731934]
106,9.646458643535539,6.097898395022889,82.01386480614225,[  28.57550049 -146.95715332],[  94.77358246 -150.31782532],[ 104.41996002 -150.3573761 ],[ 110.51780701 -150.38241577]
107,9.661679282869047,6.0970132674641775,83.06544211938585,[  28.76189423 -146.98313904],[  95.99898529 -150.32289124],[ 105.6605835  -150.36247253],[ 111.75754547 -150.38748169]
108,9.676602128754725,6.0961665370695135,84.12804436422763,[  28.94087029 -147.00640869],[  97.22810364 -150.32798767],[ 106.90462494 -150.36753845],[ 113.00074005 -150.39257812]
109,9.691220176041476,6.09532731075148,85.20598122516294,[  29.10801506 -147.02677917],[  98.46087646 -150.33300781],[ 108.15201569 -150.37261963],[ 114.24729156 -150.3976593 ]
110,9.705563754645091,6.094480017197325,86.29562804892281,[  29.26685143 -147.04481506],[  99.69721222 -150.33807373],[ 109.4026947  -150.37779236],[ 115.49712372 -150.40272522]
111,9.719579209766161,6.093709143114213,87.38684693858633,[  29.42744064 -147.06182861],[ 100.93704987 -150.34315491],[ 110.65654755 -150.38296509],[ 116.75020599 -150.40782166]
112,9.733327701007678,6.092923197593461,88.47524749718477,[  29.59404182 -147.07809448],[ 102.18029785 -150.34823608],[ 111.9135437  -150.38815308],[ 118.00641632 -150.41297913]
113,9.746801286182176,6.092137687863752,89.56106434347654,[  29.76637077 -147.09339905],[ 103.42689514 -150.353302  ],[ 113.1736145  -150.39326477],[ 119.26570129 -150.41816711]
114,9.759970011194673,6.091397580417024,90.6447404352333,[  29.94391823 -147.10754395],[ 104.67675781 -150.35836792],[ 114.43664551 -150.39845276],[ 120.52799225 -150.42333984]
115,9.772886529939296,6.090665164655659,91.72616746928395,[  30.12673187 -147.12045288],[ 105.92980957 -150.36352539],[ 115.70261383 -150.40362549],[ 121.79322815 -150.42851257]
116,9.785558847715405,6.089948257288567,92.80555082600121,[  30.31455803 -147.13195801],[ 107.18598175 -150.36869812],[ 116.97145844 -150.40879822],[ 123.06135559 -150.43374634]
117,9.797971768525475,6.089223783952051,93.8836594220409,[  30.50653648 -147.14190674],[ 108.44522095 -150.37387085],[ 118.24311066 -150.41397095],[ 124.33228302 -150.43899536]
118,9.810094899821008,6.088529389559644,94.96143253932321,[  30.70168686 -147.15020752],[ 109.70748138 -150.37905884],[ 119.5174942  -150.41918945],[ 125.60597229 -150.44418335]
119,9.821981771656747,6.087857945872211,96.03970074548779,[  30.89912224 -147.15675354],[ 110.97265625 -150.38423157],[ 120.79455566 -150.42445374],[ 126.88236237 -150.44943237]
120,9.833662651758276,6.08718662743868,97.12001596573835,[  31.09721184 -147.16148376],[ 112.24066162 -150.3894043 ],[ 122.07424164 -150.42971802],[ 128.16137695 -150.45471191]
121,9.845099456120199,6.086522500443684,98.20385472060147,[  31.29441833 -147.16441345],[ 113.51147461 -150.39459229],[ 123.35649109 -150.43501282],[ 129.44296265 -150.45991516]
122,9.856276738188903,6.0859121539902015,99.29216386458351,[  31.48975563 -147.16563416],[ 114.78502655 -150.39978027],[ 124.64122009 -150.4402771 ],[ 130.7270813  -150.46517944]
123,9.867232456361709,6.085309374445406,100.38532822978623,[  31.68275642 -147.16520691],[ 116.06124878 -150.40505981],[ 125.92839813 -150.44555664],[ 132.01365662 -150.47044373]
124,9.877982245386512,6.0847066573184145,101.48338841181489,[  31.87332916 -147.16325378],[ 117.34008789 -150.4103241 ],[ 127.21798706 -150.45083618],[ 133.30264282 -150.47572327]
125,9.888503092056443,6.084126765787677,102.58619807784379,[  32.06155777 -147.15974426],[ 118.62148285 -150.41560364],[ 128.50990295 -150.45611572],[ 134.59397888 -150.48098755]
126,9.898840834978943,6.08354699905157,103.69343153420513,[  32.24771118 -147.15501404],[ 119.90536499 -150.42086792],[ 129.80412292 -150.46138   ],[ 135.88761902 -150.48626709]
127,9.908972523778859,6.082951973705358,104.80440527237371,[  32.43239594 -147.14904785],[ 121.19169617 -150.42614746],[ 131.10058594 -150.46664429],[ 137.18348694 -150.49154663]
128,9.918875395259983,6.082402974740858,105.91849448199739,[  32.61623764 -147.14187622],[ 122.48043823 -150.431427  ],[ 132.39923096 -150.47192383],[ 138.48158264 -150.49690247]
129,9.928587595878643,6.081869235450336,107.0351072190647,[  32.79974747 -147.13356018],[ 123.77150726 -150.43670654],[ 133.70001221 -150.47721863],[ 139.78182983 -150.50227356]
130,9.938071228043016,6.081335245250291,108.15368506066855,[  32.98340607 -147.12413025],[ 125.06488037 -150.44198608],[ 135.00286865 -150.48258972],[ 141.08415222 -150.50765991]
131,9.947394706979573,6.080816074063582,109.27383791262606,[  33.16761398 -147.11360168],[ 126.36048889 -150.44725037],[ 136.30780029 -150.48796082],[ 142.38856506 -150.51293945]
132,9.956496935807763,6.080327421514335,110.39517480736234,[  33.35265732 -147.102005  ],[ 127.65827179 -150.45251465],[ 137.61468506 -150.49333191],[ 143.69496155 -150.51821899]
133,9.96540061465503,6.079838894821124,111.5175378816089,[  33.53866196 -147.08940125],[ 128.95820618 -150.45782471],[ 138.92352295 -150.498703  ],[ 145.00331116 -150.52352905]
134,9.974189665823324,6.079350617642188,112.640942322272,[  33.72561264 -147.07580566],[ 130.26020813 -150.46318054],[ 140.23431396 -150.5040741 ],[ 146.31361389 -150.52890015]
135,9.98276509578169,6.078877536828189,113.76543208276988,[  33.91338348 -147.06130981],[ 131.56428528 -150.46853638],[ 141.54696655 -150.50944519],[ 147.62579346 -150.53425598]
136,9.991172680507969,6.078419714705517,114.8911521338886,[  34.10178375 -147.04595947],[ 132.87034607 -150.47393799],[ 142.86143494 -150.51486206],[ 148.93980408 -150.53965759]
137,9.99942767865928,6.077977213504732,116.01830952135566,[  34.29057312 -147.02984619],[ 134.17834473 -150.47938538],[ 144.1776886  -150.52032471],[ 150.25561523 -150.54512024]
138,10.00749963536603,6.077534899238357,117.1471032700027,[  34.47950363 -147.01301575],[ 135.48828125 -150.48478699],[ 145.49569702 -150.52575684],[ 151.57318115 -150.55059814]
139,10.0154189430077,6.077107594359852,118.27774560598006,[  34.66833496 -146.99525452],[ 136.80007935 -150.49015808],[ 146.81541443 -150.53114319],[ 152.89247131 -150.55596924]
140,10.023170342997934,6.076680351831449,119.4102297118564,[  34.8570137  -146.97714233],[ 138.11372375 -150.49552917],[ 148.1368103  -150.53651428],[ 154.21343994 -150.56134033]
141,10.03080004829038,6.076253234067371,120.54473788936119,[  35.04533005 -146.95866394],[ 139.42913818 -150.50086975],[ 149.45985413 -150.54194641],[ 155.53605652 -150.56680298]
142,10.038246712606476,6.075841250210115,121.6813287448366,[  35.23316193 -146.93980408],[ 140.74630737 -150.50622559],[ 150.7844696  -150.54740906],[ 156.86026001 -150.57226562]
143,10.04557099491951,6.075429641615304,122.81998129774543,[  35.42051315 -146.92063904],[ 142.06517029 -150.51158142],[ 152.11065674 -150.55279541],[ 158.18603516 -150.57774353]
144,10.052697039899039,6.075048300507001,123.96064979222022,[  35.60739136 -146.90087891],[ 143.38572693 -150.51695251],[ 153.43833923 -150.55822754],[ 159.51333618 -150.58320618]
145,10.059670498376569,6.074727931407147,125.10317628624675,[  35.79393768 -146.88111877],[ 144.707901   -150.52235413],[ 154.76748657 -150.56369019],[ 160.84216309 -150.58868408]
146,10.066491244904753,6.074407186107497,126.24739209593088,[  35.98025894 -146.86129761],[ 146.0316925  -150.52780151],[ 156.09809875 -150.56916809],[ 162.17245483 -150.59408569]
147,10.07323551011338,6.07402540708753,127.39313349602445,[  36.16646194 -146.84133911],[ 147.35702515 -150.53327942],[ 157.43017578 -150.57463074],[ 163.50415039 -150.59947205]
148,10.079857831413449,6.073659136823488,128.54029413950687,[  36.3526535  -146.82131958],[ 148.68386841 -150.53874207],[ 158.76364136 -150.58010864],[ 164.83724976 -150.60493469]
149,10.0862966735949,6.073323696069955,129.68876364230556,[  36.53890991 -146.80128479],[ 150.01223755 -150.54421997],[ 160.09844971 -150.58551025],[ 166.17172241 -150.61039734]
150,10.092613696952863,6.072972809418039,130.83842626136467,[  36.72529984 -146.78128052],[ 151.34207153 -150.54968262],[ 161.43460083 -150.59095764],[ 167.50752258 -150.61585999]
151,10.098824159395896,6.072621922812034,131.98920776206762,[  36.91186523 -146.76138306],[ 152.67330933 -150.55509949],[ 162.77204895 -150.59642029],[ 168.84461975 -150.62133789]
152,10.104912490136815,6.072301428344373,133.14109582443552,[  37.09863281 -146.74159241],[ 154.00595093 -150.56054688],[ 164.11077881 -150.60189819],[ 170.18302917 -150.62680054]
153,10.110893823002245,6.0719810590671,134.29402767748414,[  37.28558731 -146.72198486],[ 155.3399353  -150.56600952],[ 165.45074463 -150.60734558],[ 171.52267456 -150.63226318]
154,10.116753523553488,6.071645305932678,135.4479894256311,[  37.47271347 -146.70259094],[ 156.67526245 -150.57147217],[ 166.79193115 -150.61289978],[ 172.86352539 -150.63780212]
155,10.122475959207678,6.071340132718341,136.60300805291755,[  37.65998077 -146.68348694],[ 158.01190186 -150.57693481],[ 168.1342926  -150.61846924],[ 174.20558167 -150.64337158]
156,10.128091208925678,6.0710352729283175,137.75908095343317,[  37.84734344 -146.66471863],[ 159.34980774 -150.58239746],[ 169.47781372 -150.62394714],[ 175.54879761 -150.64892578]
157,10.133584389363996,6.070760617050048,138.91624411791895,[  38.03476334 -146.64630127],[ 160.68896484 -150.58786011],[ 170.82246399 -150.62942505],[ 176.89317322 -150.65440369]
158,10.138985955277898,6.070455130398228,140.07447474607062,[  38.2222023  -146.62831116],[ 162.02934265 -150.59341431],[ 172.16824341 -150.63497925],[ 178.23864746 -150.65988159]
159,10.144250255824044,6.070210929249291,141.23381486238623,[  38.40963364 -146.61076355],[ 163.37091064 -150.59890747],[ 173.51507568 -150.64048767],[ 179.5852356  -150.66537476]
160,10.149484101598594,6.069905818614422,142.39420016268932,[  38.5970459  -146.59368896],[ 164.71360779 -150.60441589],[ 174.86300659 -150.64602661],[ 180.93286133 -150.67092896]
161,10.154534780890973,6.069692322647669,143.5556853096391,[  38.78442764 -146.57711792],[ 166.05747986 -150.60992432],[ 176.21192932 -150.65155029],[ 182.28157043 -150.67648315]
162,10.159463265860651,6.069509469756246,144.71818946163822,[  38.97178268 -146.56109619],[ 167.40245056 -150.615448  ],[ 177.56182861 -150.65705872],[ 183.63128662 -150.68205261]
163,10.16439206345592,6.069203982852219,145.88166775439487,[  39.15910721 -146.54563904],[ 168.74850464 -150.62095642],[ 178.91281128 -150.66262817],[ 184.98196411 -150.68754578]
164,10.16910711477252,6.069020566165908,147.04612500812118,[  39.34642792 -146.53076172],[ 170.09564209 -150.62646484],[ 180.2646637  -150.66816711],[ 186.33363342 -150.69300842]
165,10.173791086384329,6.068822641717821,148.2115105611812,[  39.5337677  -146.51651001],[ 171.44378662 -150.6320343 ],[ 181.61749268 -150.67362976],[ 187.68626404 -150.69857788]
166,10.178414710457085,6.068578503155806,149.3777719557438,[  39.72114563 -146.50288391],[ 172.79296875 -150.63754272],[ 182.97129822 -150.67919922],[ 189.03982544 -150.70414734]
167,10.182901006754971,6.068334427345034,150.54484833033064,[  39.90856171 -146.48988342],[ 174.14315796 -150.64303589],[ 184.32597351 -150.68475342],[ 190.39425659 -150.7097168 ]
168,10.187280242480812,6.068120492723021,151.7127559203798,[  40.09604263 -146.47753906],[ 175.49433899 -150.64860535],[ 185.68153381 -150.69032288],[ 191.74960327 -150.71520996]
169,10.191629023386188,6.067891238004867,152.88142331300554,[  40.28358459 -146.46588135],[ 176.84640503 -150.65415955],[ 187.03794861 -150.69589233],[ 193.10578918 -150.72068787]
170,10.195886127413779,6.067662295744042,154.050872296876,[  40.47119904 -146.45489502],[ 178.19943237 -150.659729  ],[ 188.39523315 -150.70144653],[ 194.46284485 -150.72622681]
171,10.200067000634341,6.067479129502911,155.22107804465537,[  40.65887833 -146.4446106 ],[ 179.55332947 -150.66529846],[ 189.75331116 -150.70701599],[ 195.82073975 -150.73178101]
172,10.204171580575847,6.067250187310161,156.39199456457857,[  40.84662247 -146.43502808],[ 180.90814209 -150.67086792],[ 191.11222839 -150.71258545],[ 197.1794281  -150.73733521]
173,10.208169349913433,6.067051824702818,157.56361144864817,[  41.03442764 -146.4261322 ],[ 182.2638092  -150.67643738],[ 192.47189331 -150.71815491],[ 198.53889465 -150.74290466]
174,10.212106459043145,6.066868907674794,158.73596528682862,[  41.22227478 -146.4178772 ],[ 183.62031555 -150.68191528],[ 193.83233643 -150.72372437],[ 199.89915466 -150.7485199 ]
175,10.215967275426475,6.066670857380052,159.9089859477066,[  41.41017151 -146.41029358],[ 184.97764587 -150.68737793],[ 195.19352722 -150.72927856],[ 201.26014709 -150.75415039]
176,10.219736352420096,6.066487816028446,161.08272164215336,[  41.59809494 -146.40351868],[ 186.33581543 -150.69290161],[ 196.5554657  -150.73484802],[ 202.62190247 -150.75973511]
177,10.223444332199026,6.066319908181188,162.25714541582406,[  41.78604507 -146.39746094],[ 187.69476318 -150.69845581],[ 197.91812134 -150.74043274],[ 203.98439026 -150.76530457]
178,10.22707633235906,6.066166884576675,163.43225749415015,[  41.97399139 -146.39212036],[ 189.05447388 -150.70401001],[ 199.28146362 -150.74609375],[ 205.34757996 -150.77085876]
179,10.230677250612404,6.065968584286912,164.60801438047713,[  42.16194916 -146.38748169],[ 190.41493225 -150.70962524],[ 200.64552307 -150.75167847],[ 206.71144104 -150.77645874]
180,10.234155849347196,6.065785729997248,165.78441205879992,[  42.34990692 -146.38354492],[ 191.77615356 -150.71528625],[ 202.01022339 -150.75724792],[ 208.07595825 -150.78208923]
181,10.23760424416716,6.065587367402942,166.961444912423,[  42.5378685 -146.3802948],[ 193.13807678 -150.72087097],[ 203.37559509 -150.76281738],[ 209.44113159 -150.78765869]
182,10.240991604426847,6.065389067321585,168.1391147885181,[  42.72583389 -146.37773132],[ 194.50071716 -150.72644043],[ 204.74162292 -150.76837158],[ 210.80696106 -150.79322815]
183,10.244272529150136,6.065297140849102,169.31745321379643,[  42.9138031  -146.37582397],[ 195.86404419 -150.73202515],[ 206.10823059 -150.77403259],[ 212.17347717 -150.79879761]
184,10.247538258273405,6.065068074178858,170.49629340343907,[  43.10176086 -146.37457275],[ 197.22802734 -150.73757935],[ 207.47547913 -150.77967834],[ 213.54049683 -150.80439758]
185,10.250697240188309,6.064854390733471,171.67573549444816,[  43.28971481 -146.37397766],[ 198.5927124 -150.7431488],[ 208.84332275 -150.78535461],[ 214.90812683 -150.81005859]
186,10.253810258188977,6.064701741972721,172.85578152875152,[  43.47767639 -146.37399292],[ 199.95800781 -150.748703  ],[ 210.21173096 -150.79096985],[ 216.27638245 -150.81565857]
187,10.256907514727635,6.064503379358628,174.03637951115448,[  43.66563797 -146.37461853],[ 201.32392883 -150.75434875],[ 211.58074951 -150.79655457],[ 217.64520264 -150.82124329]
188,10.259958870504525,6.064305390161014,175.21752815852085,[  43.85360336 -146.37585449],[ 202.69046021 -150.76000977],[ 212.95033264 -150.80212402],[ 219.0145874 -150.8269043]
189,10.262842569604668,6.064198641900871,176.3992054858053,[  44.04157639 -146.37767029],[ 204.05761719 -150.765625  ],[ 214.32037354 -150.80769348],[ 220.38452148 -150.83248901]
190,10.2656806180139,6.064091831270323,177.58142202186198,[  44.22953415 -146.38002014],[ 205.425354   -150.77120972],[ 215.69094849 -150.81326294],[ 221.75498962 -150.83805847]
191,10.268533987633452,6.063954378607108,178.76416688047854,[  44.4174881  -146.38291931],[ 206.79364014 -150.77682495],[ 217.06208801 -150.81887817],[ 223.12599182 -150.84364319]
192,10.271265538052019,6.063847319011396,179.94739941531097,[  44.60544968 -146.38633728],[ 208.16252136 -150.78244019],[ 218.43370056 -150.82455444],[ 224.49749756 -150.84925842]
193,10.273996838341185,6.063725374119171,181.13112815181734,[  44.79341125 -146.39024353],[ 209.53192139 -150.78805542],[ 219.80583191 -150.83016968],[ 225.86950684 -150.85490417]
194,10.276636649219684,6.063634071425472,182.31535434380623,[  44.98137283 -146.39459229],[ 210.90188599 -150.7936554 ],[ 221.17843628 -150.83578491],[ 227.24201965 -150.86058044]
195,10.279246193203026,6.063527260795091,183.50008889987427,[  45.16930389 -146.39952087],[ 212.27238464 -150.79924011],[ 222.55154419 -150.84144592],[ 228.61502075 -150.86624146]
196,10.281824656461247,6.063420700066889,184.68526472541626,[  45.35723114 -146.40481567],[ 213.64335632 -150.80488586],[ 223.9250946  -150.84703064],[ 229.98846436 -150.87188721]
197,10.284387861556826,6.063359915942551,185.8709440350054,[  45.54515457 -146.41046143],[ 215.01480103 -150.81054688],[ 225.29910278 -150.85263062],[ 231.3624115  -150.87754822]
198,10.2868753983065,6.063253105321066,187.0570415480981,[  45.73306656 -146.41650391],[ 216.38677979 -150.81611633],[ 226.67356873 -150.85829163],[ 232.73677063 -150.88320923]
199,10.289347677039256,6.063130660477053,188.24358679127326,[  45.92095184 -146.42289734],[ 217.75921631 -150.82168579],[ 228.04847717 -150.86395264],[ 234.11155701 -150.88877869]
200,10.291758858986451,6.0630541799061834,189.43058024935323,[  46.10882568 -146.42974854],[ 219.1321106  -150.82725525],[ 229.42378235 -150.86959839],[ 235.48678589 -150.89437866]
201,10.294169727258138,6.062916851951647,190.61797090919353,[  46.29669952 -146.43682861],[ 220.50546265 -150.83291626],[ 230.79954529 -150.8752594 ],[ 236.8624115  -150.90003967]
202,10.296519560899227,6.06280997897296,191.80580621601732,[  46.48455429 -146.44415283],[ 221.87927246 -150.83857727],[ 232.17570496 -150.88092041],[ 238.23846436 -150.90568542]
203,10.298823430463408,6.06271867662624,192.99406057202114,[  46.67238617 -146.45172119],[ 223.25350952 -150.84423828],[ 233.55224609 -150.88653564],[ 239.61491394 -150.91136169]
204,10.301096532837864,6.062627249703691,194.1826899440059,[  46.86022186 -146.45951843],[ 224.62815857 -150.84991455],[ 234.9291687 -150.8921051],[ 240.991745   -150.91696167]
205,10.303309163708482,6.0625355102272405,195.37169682814468,[  47.04806137 -146.4675293 ],[ 226.00325012 -150.85554504],[ 236.30647278 -150.89776611],[ 242.36895752 -150.9225769 ]
206,10.305476269061066,6.062428762064838,196.5610749915195,[  47.23589706 -146.47573853],[ 227.37876892 -150.8611145 ],[ 237.68415833 -150.90342712],[ 243.74653625 -150.92825317]
207,10.30758208952611,6.062321888969356,197.75081263428515,[  47.42372513 -146.48408508],[ 228.75469971 -150.86676025],[ 239.06219482 -150.90910339],[ 245.12446594 -150.93391418]
208,10.309657142037645,6.062260979299245,198.94094822700717,[  47.61155319 -146.49255371],[ 230.13101196 -150.87240601],[ 240.44058228 -150.91471863],[ 246.50279236 -150.93955994]
209,10.311671222632441,6.062199819679192,200.13141658316937,[  47.79936981 -146.50114441],[ 231.50770569 -150.87806702],[ 241.81929016 -150.92036438],[ 247.88143921 -150.94517517]
210,10.313700687096906,6.062077812859242,201.32221276084042,[  47.98718262 -146.50982666],[ 232.88476562 -150.88371277],[ 243.19837952 -150.92602539],[ 249.26040649 -150.95085144]
211,10.315684250407948,6.061971002231519,202.51333917631752,[  48.17498779 -146.51856995],[ 234.26217651 -150.88937378],[ 244.57777405 -150.93167114],[ 250.63969421 -150.95649719]
212,10.317606841670916,6.061909905115218,203.70482034108835,[  48.36279297 -146.52734375],[ 235.63995361 -150.89505005],[ 245.95747375 -150.93734741],[ 252.01933289 -150.9621582 ]
213,10.319513799431098,6.06181866589601,204.8966185669234,[  48.5505867 -146.5362854],[ 237.01808167 -150.90072632],[ 247.33750916 -150.94293213],[ 253.39927673 -150.96781921]
214,10.321421007368635,6.061742122315077,206.08873746227923,[  48.73838425 -146.5451355 ],[ 238.39651489 -150.90638733],[ 248.71784973 -150.94856262],[ 254.77954102 -150.97338867]
215,10.323267305433983,6.061650507873965,207.28112617124216,[  48.9262085  -146.55393982],[ 239.77531433 -150.91204834],[ 250.09849548 -150.95422363],[ 256.16009521 -150.97903442]
216,10.325098719217653,6.061589473228992,208.47382109640583,[  49.11403656 -146.56271362],[ 241.15440369 -150.9176178 ],[ 251.47941589 -150.95988464],[ 257.54095459 -150.98469543]
217,10.326899366193405,6.061497858823814,209.66679959282004,[  49.30186081 -146.57141113],[ 242.53382874 -150.92324829],[ 252.86064148 -150.96554565],[ 258.92208862 -150.99034119]
218,10.328623594896928,6.061421627955368,210.86006285085105,[  49.48968124 -146.58001709],[ 243.91358948 -150.9289093 ],[ 254.24212646 -150.97120667],[ 260.30349731 -150.99601746]
219,10.33036314475436,6.061330075987969,212.05360186257892,[  49.67750549 -146.58854675],[ 245.29362488 -150.93455505],[ 255.62390137 -150.97686768],[ 261.68518066 -151.00167847]
220,10.33202633881272,6.061299558665508,213.2474600749118,[  49.86532211 -146.59693909],[ 246.67398071 -150.94021606],[ 257.00592041 -150.98252869],[ 263.06716919 -151.00733948]
221,10.33368978297212,6.061268729526698,214.44156841347464,[  50.05313873 -146.60520935],[ 248.05458069 -150.94589233],[ 258.38818359 -150.98826599],[ 264.44940186 -151.01300049]
222,10.335368360823162,6.061146909611889,215.6359181393295,[  50.2409668  -146.61331177],[ 249.4355011  -150.95155334],[ 259.77078247 -150.99395752],[ 265.83187866 -151.01875305]
223,10.337001037513303,6.061055482566621,216.83048981749994,[  50.42882156 -146.62129211],[ 250.81668091 -150.95721436],[ 261.15359497 -150.99961853],[ 267.21459961 -151.02444458]
224,10.338572742160872,6.061024965244497,218.02533541776876,[  50.61668396 -146.6290741 ],[ 252.19813538 -150.96287537],[ 262.53662109 -151.0052948 ],[ 268.59759521 -151.03012085]
225,10.340144384206996,6.060933413278143,219.22040050959313,[  50.80454636 -146.63670349],[ 253.5798645  -150.96853638],[ 263.91992188 -151.01095581],[ 269.98080444 -151.03578186]
226,10.34168544635863,6.060841923833138,220.41569093948993,[  50.99240494 -146.644104  ],[ 254.96183777 -150.97421265],[ 265.30343628 -151.01661682],[ 271.36422729 -151.04145813]
227,10.343226571100562,6.060780826667603,221.61126257324977,[  51.18026352 -146.65129089],[ 256.34405518 -150.97987366],[ 266.68719482 -151.02227783],[ 272.7479248  -151.04710388]
228,10.34469146510094,6.060750246861648,222.8070284845788,[  51.3681488  -146.65826416],[ 257.72653198 -150.98553467],[ 268.07113647 -151.0279541 ],[ 274.13183594 -151.05276489]
229,10.346156296537021,6.060689274701311,224.00299618020702,[  51.55605316 -146.6650238 ],[ 259.10925293 -150.99119568],[ 269.45532227 -151.03361511],[ 275.51596069 -151.05844116]
230,10.347590610654894,6.060658757379218,225.19918490970568,[  51.74395752 -146.67152405],[ 260.4921875  -150.99685669],[ 270.83969116 -151.03927612],[ 276.90029907 -151.06410217]
231,10.34902492477611,6.060597410692065,226.3955892595479,[  51.93186569 -146.67779541],[ 261.87536621 -151.00253296],[ 272.2243042  -151.04495239],[ 278.28485107 -151.06970215]
232,10.350398204256999,6.060566893368409,227.59221823733571,[  52.11977005 -146.68388367],[ 263.25878906 -151.00819397],[ 273.60910034 -151.0506134 ],[ 279.6696167  -151.07536316]
233,10.351771483740949,6.060505858721105,228.7890385750882,[  52.30767441 -146.68966675],[ 264.64242554 -151.01385498],[ 274.99411011 -151.05627441],[ 281.05456543 -151.08102417]
234,10.353114245905992,6.060475279102857,229.9860381192575,[  52.49562073 -146.69515991],[ 266.02627563 -151.01951599],[ 276.37930298 -151.06193542],[ 282.43972778 -151.08666992]
235,10.35448752539599,6.060383976543659,231.18319092525783,[  52.68357468 -146.70040894],[ 267.41030884 -151.025177  ],[ 277.76470947 -151.06759644],[ 283.82504272 -151.09239197]
236,10.355799707753025,6.060323317173594,232.3805423468524,[  52.871521  -146.7053833],[ 268.79455566 -151.03085327],[ 279.15026855 -151.07325745],[ 285.21054077 -151.09814453]
237,10.357081435290242,6.06029317651307,233.57811076243559,[  53.05947113 -146.71008301],[ 270.17901611 -151.03651428],[ 280.53601074 -151.07891846],[ 286.59625244 -151.10389709]
238,10.35836310037624,6.060232393753025,234.77583389919437,[  53.24742508 -146.71453857],[ 271.56365967 -151.04219055],[ 281.92193604 -151.08457947],[ 287.9821167  -151.10961914]
239,10.35961406104325,6.060171422183893,235.97375066359334,[  53.43537521 -146.71868896],[ 272.94851685 -151.0479126 ],[ 283.30804443 -151.09024048],[ 289.36816406 -151.11529541]
240,10.360865645734036,6.0601100725997,237.1718231019958,[  53.62332916 -146.7225647 ],[ 274.33352661 -151.05357361],[ 284.69430542 -151.09599304],[ 290.75436401 -151.12097168]
241,10.362086463604427,6.060109884090983,238.3701118599655,[  53.81128693 -146.72616577],[ 275.71871948 -151.05924988],[ 286.08071899 -151.10169983],[ 292.14077759 -151.12663269]
242,10.363307219001237,6.06007899078915,239.5685171207004,[  53.99928665 -146.72946167],[ 277.10409546 -151.06491089],[ 287.46731567 -151.1073761 ],[ 293.52734375 -151.13221741]
243,10.364497394557171,6.060018018713948,240.76705601377006,[  54.18728256 -146.73251343],[ 278.48965454 -151.0705719 ],[ 288.85406494 -151.11303711],[ 294.91403198 -151.13789368]
244,10.365657052793363,6.059956858971805,241.96574583756325,[  54.3752861  -146.73527527],[ 279.87539673 -151.07623291],[ 290.2409668  -151.11869812],[ 296.3008728  -151.14352417]
245,10.366786443906117,6.05995698407114,243.16462714474733,[  54.56328964 -146.73777771],[ 281.2612915  -151.08189392],[ 291.62799072 -151.12442017],[ 297.68789673 -151.14927673]
246,10.367915647395659,6.05989620009058,244.36363632114748,[  54.75129318 -146.74002075],[ 282.64736938 -151.08755493],[ 293.01519775 -151.13009644],[ 299.07504272 -151.15501404]
247,10.369075117896312,6.0598352282125605,245.5628032559379,[  54.93929672 -146.74198914],[ 284.03356934 -151.09326172],[ 294.40255737 -151.13575745],[ 300.46234131 -151.16069031]
248,10.370173678965873,6.059834977394112,246.76212897752347,[  55.12730026 -146.74368286],[ 285.41992188 -151.09901428],[ 295.79000854 -151.14149475],[ 301.84979248 -151.16636658]
249,10.37124166028465,6.05980433489371,247.9615779929388,[  55.31530762 -146.74514771],[ 286.80645752 -151.10473633],[ 297.1776123  -151.14718628],[ 303.23736572 -151.17202759]
250,10.372340221458321,6.059743300250307,249.16118892407326,[  55.50331116 -146.74636841],[ 288.19314575 -151.1104126 ],[ 298.56539917 -151.15284729],[ 304.62509155 -151.1776886 ]
251,10.373377810432046,6.059712782928609,250.36089332146744,[  55.69131851 -146.74732971],[ 289.57995605 -151.11607361],[ 299.95324707 -151.1585083 ],[ 306.01290894 -151.18334961]
252,10.37444616656255,6.0596820157042846,251.560755149445,[  55.87932587 -146.74807739],[ 290.96688843 -151.12173462],[ 301.34124756 -151.16423035],[ 307.40087891 -151.18901062]
253,10.37548381802272,6.059651873467701,252.76078031303334,[  56.06732941 -146.74859619],[ 292.35400391 -151.12739563],[ 302.72940063 -151.16990662],[ 308.78900146 -151.19477844]
254,10.376460372326443,6.059621418795831,253.96086227682218,[  56.25534058 -146.74888611],[ 293.74124146 -151.13305664],[ 304.11761475 -151.17556763],[ 310.17718506 -151.20045471]
255,10.377498274091241,6.059590588611797,255.16113556185877,[  56.44334793 -146.74897766],[ 295.12860107 -151.13873291],[ 305.50601196 -151.18132019],[ 311.56555176 -151.20613098]
256,10.378505157951576,6.059559946412496,256.36150450086274,[  56.63135529 -146.74887085],[ 296.51608276 -151.14447021],[ 306.89450073 -151.18701172],[ 312.95401001 -151.21179199]
257,10.37945119492651,6.059529366708383,257.5619695783835,[  56.81936264 -146.74855042],[ 297.90371704 -151.15014648],[ 308.28308105 -151.19268799],[ 314.34255981 -151.217453  ]
258,10.380458204023768,6.059499224250404,258.7625851988308,[  57.00737762 -146.74804688],[ 299.29144287 -151.15582275],[ 309.67181396 -151.198349  ],[ 315.73126221 -151.22320557]
259,10.381373661190445,6.059468894881341,259.963268577518,[  57.19538879 -146.74736023],[ 300.67932129 -151.16148376],[ 311.06060791 -151.20399475],[ 317.12002563 -151.22889709]
260,10.382350277992455,6.059468581819627,261.16414304671605,[  57.38339615 -146.74645996],[ 302.06729126 -151.16722107],[ 312.44955444 -151.20974731],[ 318.50897217 -151.23457336]
261,10.383265797656799,6.059437939541288,262.36504298782444,[  57.57141113 -146.74543762],[ 303.4553833 -151.1729126],[ 313.83856201 -151.21543884],[ 319.89794922 -151.24023438]
262,10.38421189714492,6.059407359797818,263.5661031716731,[  57.7594223  -146.74423218],[ 304.84359741 -151.17857361],[ 315.22772217 -151.22111511],[ 321.28707886 -151.24589539]
263,10.385127354311809,6.0594077348993,264.76722846658987,[  57.94743347 -146.74291992],[ 306.23187256 -151.18424988],[ 316.61691284 -151.22677612],[ 322.67626953 -151.25164795]
264,10.385982214609266,6.0594074846779495,265.968504226854,[  58.13544846 -146.7414856 ],[ 307.62036133 -151.18991089],[ 318.0062561  -151.23252869],[ 324.06561279 -151.25733948]
265,10.386897546524766,6.059376780092148,267.1698170433938,[  58.32345963 -146.73989868],[ 309.0088501  -151.19566345],[ 319.3956604  -151.23823547],[ 325.45498657 -151.26300049]
266,10.387782174052347,6.059346512531685,268.3712828596984,[  58.51147461 -146.73815918],[ 310.39752197 -151.20141602],[ 320.78521729 -151.24389648],[ 326.84451294 -151.26872253]
267,10.388605830075774,6.059377342920111,269.5728118564493,[  58.69948959 -146.73635864],[ 311.78625488 -151.20716858],[ 322.17477417 -151.24957275],[ 328.23410034 -151.2744751 ]
268,10.389490770202633,6.0592859792627065,270.77440298812746,[  58.88750458 -146.73448181],[ 313.17510986 -151.21284485],[ 323.56451416 -151.25523376],[ 329.62374878 -151.28018188]
269,10.390314737954485,6.059255524788358,271.9760605678152,[  59.07551575 -146.73251343],[ 314.56402588 -151.21850586],[ 324.95425415 -151.26089478],[ 331.01345825 -151.28585815]
270,10.391169472192878,6.059224693626398,273.17786849121717,[  59.26353073 -146.73046875],[ 315.95306396 -151.22418213],[ 326.34414673 -151.26663208],[ 332.40332031 -151.29151917]
271,10.392054848956397,6.059163283637837,274.37973901702964,[  59.45154572 -146.72836304],[ 317.34216309 -151.22984314],[ 327.73413086 -151.27238464],[ 333.79324341 -151.29718018]
272,10.39284867449983,6.059163158829525,275.5817349305342,[  59.6395607  -146.72615051],[ 318.73141479 -151.23550415],[ 329.12417603 -151.27813721],[ 335.18328857 -151.30290222]
273,10.393642312723683,6.059132828777353,276.7837064391851,[  59.82757187 -146.72386169],[ 320.1206665  -151.24116516],[ 330.51422119 -151.28384399],[ 336.57330322 -151.30865479]
274,10.394405308408116,6.059102499072903,277.9858226393306,[  60.01559067 -146.72158813],[ 321.51010132 -151.24682617],[ 331.90441895 -151.28952026],[ 337.96347046 -151.31437683]
275,10.39519875874671,6.059102499072903,279.18800825275605,[  60.20360184 -146.71923828],[ 322.89953613 -151.25248718],[ 333.29464722 -151.29518127],[ 339.35369873 -151.32003784]
276,10.395991896043542,6.059072044368017,280.3902856546321,[  60.39161301 -146.71691895],[ 324.28909302 -151.25822449],[ 334.68499756 -151.30084229],[ 340.74401855 -151.32571411]
277,10.39675445420157,6.05910256168903,281.59267772577743,[  60.57963181 -146.71459961],[ 325.67874146 -151.26397705],[ 336.07540894 -151.3065033 ],[ 342.13446045 -151.33137512]
278,10.39754821691984,6.059071731670066,282.7950440857174,[  60.76764679 -146.71226501],[ 327.06838989 -151.26965332],[ 337.46585083 -151.31225586],[ 343.52487183 -151.33705139]
279,10.3982503029757,6.059041401851918,283.99747701173237,[  60.95565796 -146.70993042],[ 328.45819092 -151.27531433],[ 338.85635376 -151.31796265],[ 344.91534424 -151.34280396]
280,10.399013173444125,6.059041527047007,285.2000617320348,[  61.14366913 -146.70761108],[ 329.84805298 -151.2809906 ],[ 340.24697876 -151.32362366],[ 346.30596924 -151.34849548]
281,10.399806498748509,6.059041401851918,286.40264236363885,[  61.33168411 -146.70532227],[ 331.23788452 -151.28672791],[ 341.63760376 -151.32933044],[ 347.69659424 -151.35417175]
282,10.400813757981744,6.058949599954172,287.6053493300745,[  61.51969528 -146.70301819],[ 332.62771606 -151.29240417],[ 343.02844238 -151.33505249],[ 349.08734131 -151.35983276]
283,10.401423979328753,6.058949975083992,288.8081099095097,[  61.70771408 -146.70082092],[ 334.01791382 -151.2980957 ],[ 344.41925049 -151.3407135 ],[ 350.47814941 -151.36558533]
284,10.402003808446281,6.058980492404994,290.0109088413188,[  61.89572525 -146.69859314],[ 335.40814209 -151.30380249],[ 345.81005859 -151.34642029],[ 351.86898804 -151.37129211]
285,10.402614467729876,6.058919020243827,291.21367193509474,[  62.08374023 -146.69644165],[ 336.79840088 -151.30949402],[ 347.20092773 -151.35218811],[ 353.25979614 -151.37695312]
286,10.4034079807101,6.058888502920626,292.41662140218625,[  62.2717514  -146.69436646],[ 338.18862915 -151.31515503],[ 348.59194946 -151.35786438],[ 354.65078735 -151.38262939]
287,10.404201055633415,6.058857985597427,293.6195703482804,[  62.45976257 -146.69233704],[ 339.57885742 -151.32090759],[ 349.98297119 -151.36352539],[ 356.04177856 -151.38829041]
288,10.405024835936503,6.058827655554713,294.8225502624302,[  62.64777374 -146.69035339],[ 340.96908569 -151.32661438],[ 351.37402344 -151.3691864 ],[ 357.43280029 -151.39399719]
289,10.405665762151754,6.058828031153222,296.0257132220232,[  62.83578491 -146.6884613 ],[ 342.35964966 -151.33227539],[ 352.76522827 -151.37486267],[ 358.82400513 -151.39976501]
290,10.406245966360041,6.058858172876965,297.22890471881163,[  63.02379608 -146.68663025],[ 343.75027466 -151.33795166],[ 354.15643311 -151.38063049],[ 360.21524048 -151.40544128]
291,10.406825607837998,6.058858047985512,298.4320606484702,[  63.21181107 -146.68490601],[ 345.14089966 -151.34370422],[ 355.54763794 -151.38633728],[ 361.60644531 -151.41111755]
292,10.407435642028027,6.058827780600505,299.63522084754123,[  63.39982224 -146.6832428 ],[ 346.53152466 -151.34945679],[ 356.93887329 -151.39201355],[ 362.99765015 -151.41685486]
293,10.408167808399513,6.058797639340422,300.83849829448053,[  63.58783722 -146.6816864 ],[ 347.92214966 -151.35517883],[ 358.33023071 -151.39767456],[ 364.38897705 -151.42260742]
294,10.408930741493885,6.058828345208743,302.0418698695012,[  63.77584839 -146.6802063 ],[ 349.31277466 -151.3608551 ],[ 359.72161865 -151.40335083],[ 365.78039551 -151.42832947]
295,10.40972419191302,6.05879789081667,303.2452130459301,[  63.96385574 -146.67881775],[ 350.70339966 -151.36651611],[ 361.11303711 -151.40901184],[ 367.17178345 -151.43400574]
296,10.410273877871791,6.058766996512509,304.44860817182104,[  64.15187073 -146.67753601],[ 352.09432983 -151.37217712],[ 362.5045166 -151.4147644],[ 368.56323242 -151.43966675]
297,10.410854019376812,6.058766620910215,305.6521589545969,[  64.3398819  -146.67633057],[ 353.48535156 -151.37785339],[ 363.89611816 -151.42051697],[ 369.95483398 -151.44532776]
298,10.411433973591198,6.058766745957268,306.85570972677647,[  64.52789307 -146.67524719],[ 354.87637329 -151.38354492],[ 365.28771973 -151.42623901],[ 371.34643555 -151.45108032]
299,10.412044007462065,6.058766871158032,308.0592585913275,[  64.71590424 -146.67427063],[ 356.2673645  -151.38929749],[ 366.67932129 -151.43191528],[ 372.73803711 -151.45678711]
300,10.412623711728928,6.058766933816057,309.2628062694961,[  64.90391541 -146.67337036],[ 357.65838623 -151.39498901],[ 368.07092285 -151.43757629],[ 374.12963867 -151.46246338]
301,10.413234370487642,6.058736166092598,310.46635323967774,[  65.09192657 -146.67256165],[ 359.04940796 -151.40066528],[ 369.46255493 -151.44332886],[ 375.52124023 -151.46815491]
302,10.414028071084028,6.05870571131404,311.67008305923196,[  65.27993774 -146.671875  ],[ 360.44042969 -151.40635681],[ 370.85437012 -151.44908142],[ 376.9130249  -151.47392273]
303,10.41479100411695,6.058735916304659,312.8738408134525,[  65.46794891 -146.67129517],[ 361.83145142 -151.41210938],[ 372.24615479 -151.45483398],[ 378.30484009 -151.479599  ]
304,10.415401538421998,6.058705149807134,314.07756666169905,[  65.65596008 -146.6708374 ],[ 363.22265625 -151.4178009 ],[ 373.63796997 -151.46057129],[ 379.69662476 -151.48527527]
305,10.415798326261056,6.058735604934373,315.28132187405475,[  65.84397125 -146.67047119],[ 364.61404419 -151.42346191],[ 375.02975464 -151.46624756],[ 381.08843994 -151.49093628]
306,10.416377967426227,6.058674756993636,316.4851984650741,[  66.03198242 -146.67022705],[ 366.00546265 -151.4291687 ],[ 376.42175293 -151.47190857],[ 382.4803772  -151.49664307]
307,10.416957546286767,6.058675193992431,317.6891287101793,[  66.22000122 -146.6700592 ],[ 367.3968811  -151.43489075],[ 377.81375122 -151.47756958],[ 383.87237549 -151.50241089]
308,10.41753737540489,6.05870571131404,318.89306359359733,[  66.40801239 -146.67002869],[ 368.78826904 -151.44056702],[ 379.20571899 -151.48324585],[ 385.26437378 -151.50808716]
309,10.418117204523554,6.05870577389584,320.0970052148596,[  66.59601593 -146.67008972],[ 370.1796875  -151.44622803],[ 380.59771729 -151.48890686],[ 386.65637207 -151.51376343]
310,10.418727863771453,6.058675256574545,321.30090110068517,[  66.78403473 -146.67024231],[ 371.57107544 -151.45188904],[ 381.98971558 -151.49464417],[ 388.04833984 -151.51950073]
311,10.419307818145924,6.058674944048262,322.50483309558956,[  66.9720459  -146.67051697],[ 372.9624939  -151.45762634],[ 383.38171387 -151.50041199],[ 389.44033813 -151.52519226]
312,10.419917789036559,6.058644426725396,323.7087637584866,[  67.16005707 -146.67088318],[ 374.35391235 -151.46337891],[ 384.77374268 -151.506073  ],[ 390.83233643 -151.53085327]
313,10.420711364484372,6.0586446766708235,324.912878011021,[  67.34806824 -146.6713562 ],[ 375.74530029 -151.46905518],[ 386.16592407 -151.51177979],[ 392.22451782 -151.53662109]
314,10.421443717658843,6.058644864533398,326.1169904840121,[  67.53607941 -146.67192078],[ 377.13674927 -151.47473145],[ 387.55810547 -151.5174408 ],[ 393.61669922 -151.54232788]
315,10.421871022707297,6.058644489154109,327.3211243028296,[  67.72409821 -146.6725769 ],[ 378.52853394 -151.48046875],[ 388.95031738 -151.52319336],[ 395.00891113 -151.54798889]
316,10.422237168027362,6.058644551621252,328.5252352935677,[  67.91210938 -146.67332458],[ 379.92034912 -151.4861908 ],[ 390.34249878 -151.52890015],[ 396.40109253 -151.55371094]
317,10.422633830696464,6.058644739253253,329.72934566161763,[  68.10012054 -146.6741333 ],[ 381.31213379 -151.49186707],[ 391.73468018 -151.53456116],[ 397.79327393 -151.55941772]
318,10.423152875355905,6.058613847011933,330.933576114539,[  68.28813171 -146.67506409],[ 382.70394897 -151.49755859],[ 393.12701416 -151.54031372],[ 399.18557739 -151.56507874]
319,10.423763096654618,6.058614034299017,332.13789907583043,[  68.47614288 -146.67607117],[ 384.09573364 -151.50331116],[ 394.51940918 -151.54603577],[ 400.57797241 -151.57084656]
320,10.424342863241039,6.0586141593492195,333.3421823837755,[  68.66416168 -146.67715454],[ 385.48751831 -151.50900269],[ 395.91177368 -151.55171204],[ 401.97033691 -151.57655334]
321,10.42492262985729,6.058614221931964,334.5465027820126,[  68.85217285 -146.67831421],[ 386.8793335  -151.51467896],[ 397.3041687  -151.55737305],[ 403.36273193 -151.58222961]
322,10.42553328901569,6.0585833920796714,335.75079184347857,[  69.04018402 -146.67955017],[ 388.27111816 -151.52033997],[ 398.69656372 -151.56311035],[ 404.75509644 -151.58789062]
323,10.42608266340612,6.058613597833827,336.9551036408223,[  69.22820282 -146.68084717],[ 389.66293335 -151.52607727],[ 400.08892822 -151.56886292],[ 406.14749146 -151.59356689]
324,10.426692634547441,6.058613909402532,338.1594235823504,[  69.41621399 -146.68222046],[ 391.05471802 -151.53184509],[ 401.48132324 -151.57453918],[ 407.53988647 -151.59931946]
325,10.427272401205775,6.058614096804904,339.3637119706536,[  69.60422516 -146.68365479],[ 392.44650269 -151.53752136],[ 402.87368774 -151.5802002 ],[ 408.93225098 -151.60502625]
326,10.42785223033352,6.058614034299017,340.56803072419274,[  69.79223633 -146.68515015],[ 393.83831787 -151.54325867],[ 404.26608276 -151.5859375 ],[ 410.324646   -151.61074829]
327,10.42861535083621,6.058552874756813,341.7724325828209,[  69.98025513 -146.68670654],[ 395.23010254 -151.54893494],[ 405.65863037 -151.59165955],[ 411.71713257 -151.61643982]
328,10.429103627988658,6.058552874756813,342.9769330286056,[  70.1682663  -146.68832397],[ 396.62219238 -151.55461121],[ 407.0512085  -151.59733582],[ 413.10971069 -151.62211609]
329,10.429500353175305,6.058552874756813,344.1814339877844,[  70.35627747 -146.68997192],[ 398.01437378 -151.56031799],[ 408.44378662 -151.6030426 ],[ 414.50228882 -151.62782288]
330,10.429897140878854,6.058552874756813,345.3859278263725,[  70.54429626 -146.69168091],[ 399.40655518 -151.56607056],[ 409.83636475 -151.60881042],[ 415.89486694 -151.6335907 ]
331,10.43029374105741,6.058553249911197,346.59042936080095,[  70.73230743 -146.69342041],[ 400.79873657 -151.57177734],[ 411.22894287 -151.61448669],[ 417.28744507 -151.63935852]
332,10.430690403779941,6.058553375270094,347.7949300920336,[  70.9203186  -146.69517517],[ 402.19091797 -151.57745361],[ 412.621521   -151.62014771],[ 418.68002319 -151.64505005]
333,10.431056799111987,6.058553249911197,348.9994300252886,[  71.10832977 -146.69700623],[ 403.58312988 -151.58311462],[ 414.01409912 -151.62585449],[ 420.07260132 -151.65072632]
334,10.431453524297503,6.058552874756813,350.20392218516537,[  71.29634857 -146.6988678 ],[ 404.97531128 -151.58886719],[ 415.40667725 -151.63160706],[ 421.46517944 -151.65638733]
335,10.432033290911404,6.058522544839161,351.4085759096139,[  71.48435974 -146.70074463],[ 406.36749268 -151.59457397],[ 416.79943848 -151.63729858],[ 422.85791016 -151.66212463]
336,10.432643574877506,6.058522857949759,352.6132913700309,[  71.67237091 -146.7026062 ],[ 407.75967407 -151.60025024],[ 418.19223022 -151.64295959],[ 424.2507019  -151.66786194]
337,10.433223404003309,6.058522669968111,353.81796810165844,[  71.86038971 -146.70448303],[ 409.15185547 -151.60597229],[ 419.58499146 -151.64868164],[ 425.64346313 -151.67353821]
338,10.43377302838591,6.058552750012787,355.02268260813844,[  72.04840088 -146.70640564],[ 410.54406738 -151.61166382],[ 420.97775269 -151.65444946],[ 427.03625488 -151.67919922]
339,10.43438331226025,6.05852217037462,356.2273666598254,[  72.23641205 -146.70835876],[ 411.93624878 -151.61735535],[ 422.37054443 -151.66012573],[ 428.42901611 -151.68486023]
340,10.434962891383961,6.0585224198639285,357.4320448419329,[  72.42443085 -146.71029663],[ 413.32843018 -151.62309265],[ 423.76330566 -151.665802  ],[ 429.82177734 -151.69059753]
341,10.435573175396442,6.058522732590231,358.6367614271705,[  72.61244202 -146.71226501],[ 414.72061157 -151.62878418],[ 425.15609741 -151.67147827],[ 431.21456909 -151.6963501 ]
342,10.436152942116198,6.058523046277274,359.84144775455025,[  72.80045319 -146.71421814],[ 416.11279297 -151.63444519],[ 426.54885864 -151.67712402],[ 432.60733032 -151.70207214]
343,10.436702378769471,6.058553375270094,361.0461644283848,[  72.98846436 -146.71615601],[ 417.50500488 -151.64012146],[ 427.94161987 -151.68283081],[ 434.00012207 -151.70773315]
344,10.437312787671601,6.058522544839161,362.2508514716958,[  73.17647552 -146.71807861],[ 418.89718628 -151.64585876],[ 429.33441162 -151.68858337],[ 435.3928833  -151.71340942]
345,10.437892616798283,6.058522232689303,363.45553155273535,[  73.36449432 -146.72000122],[ 420.28936768 -151.65162659],[ 430.72717285 -151.6943512 ],[ 436.78564453 -151.71910095]
346,10.438503088200523,6.0585224198639285,364.6602510654428,[  73.55250549 -146.72192383],[ 421.68154907 -151.65730286],[ 432.1199646  -151.70005798],[ 438.17843628 -151.72485352]
347,10.439021945183658,6.058522607384421,365.8649398792543,[  73.74051666 -146.72386169],[ 423.0737915  -151.66296387],[ 433.51272583 -151.70573425],[ 439.57119751 -151.73057556]
348,10.43920498661004,6.05855293718647,367.0696588157138,[  73.92852783 -146.72581482],[ 424.46636963 -151.66870117],[ 434.90548706 -151.7114563 ],[ 440.96398926 -151.73625183]
349,10.4395406146728,6.058461572741235,368.2744107854261,[  74.116539   -146.72767639],[ 425.85894775 -151.67440796],[ 436.29840088 -151.71714783],[ 442.35681152 -151.74198914]
350,10.439907197749925,6.058492027517252,369.4793083337552,[  74.3045578  -146.72952271],[ 427.25152588 -151.68006897],[ 437.69134521 -151.72290039],[ 443.74978638 -151.74772644]
351,10.440303922926827,6.058491840111104,370.6842126916158,[  74.49256897 -146.73138428],[ 428.644104   -151.68577576],[ 439.08432007 -151.72860718],[ 445.14276123 -151.75338745]
352,10.440700272923909,6.058492090062828,371.88911829758126,[  74.68058014 -146.73324585],[ 430.03668213 -151.69152832],[ 440.47729492 -151.73426819],[ 446.53573608 -151.7591095 ]
353,10.441097060587463,6.0584922152692675,373.0940257585808,[  74.86859131 -146.73503113],[ 431.42926025 -151.69723511],[ 441.87026978 -151.73999023],[ 447.92871094 -151.76486206]
354,10.44149422368796,6.058461322788253,374.29890208275737,[  75.05660248 -146.73681641],[ 432.82183838 -151.70289612],[ 443.26324463 -151.74575806],[ 449.32165527 -151.77053833]
355,10.441860181180258,6.058491840111104,375.5038095315784,[  75.24461365 -146.73858643],[ 434.2144165  -151.70863342],[ 444.65618896 -151.75143433],[ 450.71463013 -151.7762146 ]
356,10.442256718834532,6.058492090062828,376.7087113856407,[  75.43263245 -146.74029541],[ 435.60699463 -151.71435547],[ 446.04916382 -151.7571106 ],[ 452.10760498 -151.7819519 ]
357,10.442653631546321,6.058492152646832,377.91362166443463,[  75.62064362 -146.74197388],[ 436.99957275 -151.72003174],[ 447.44213867 -151.76283264],[ 453.50057983 -151.78768921]
358,10.443050231697848,6.058492027517252,379.11853110670324,[  75.80865479 -146.7436676 ],[ 438.39215088 -151.72575378],[ 448.83511353 -151.76852417],[ 454.89355469 -151.79335022]
359,10.443447019388682,6.058461385218854,380.3234124467521,[  75.99666595 -146.74526978],[ 439.784729   -151.73149109],[ 450.22808838 -151.77427673],[ 456.28649902 -151.79907227]
360,10.44381335232028,6.058491965010106,381.5283246735321,[  76.18467712 -146.74687195],[ 441.17730713 -151.73716736],[ 451.62103271 -151.77998352],[ 457.67947388 -151.80479431]
361,10.444210014959616,6.058491965010106,382.73322984174655,[  76.37269592 -146.74839783],[ 442.56988525 -151.74284363],[ 453.01400757 -151.78564453],[ 459.07244873 -151.81045532]
362,10.444606615130768,6.058492027517252,383.9381442107066,[  76.56070709 -146.74990845],[ 443.96246338 -151.74859619],[ 454.40698242 -151.79136658],[ 460.46542358 -151.81619263]
363,10.445003590426344,6.058492090062828,385.14305993905884,[  76.74871826 -146.75137329],[ 445.3550415  -151.75428772],[ 455.79995728 -151.79711914],[ 461.85839844 -151.82196045]
364,10.44549186757119,6.058461572741235,386.34803644305975,[  76.93672943 -146.75279236],[ 446.74761963 -151.75996399],[ 457.19302368 -151.80279541],[ 463.25143433 -151.82763672]
365,10.44610183901672,6.058431055419646,387.5531351535063,[  77.1247406  -146.75421143],[ 448.14019775 -151.76571655],[ 458.58621216 -151.80845642],[ 464.64459229 -151.83329773]
366,10.446681543337984,6.058431243288845,388.75823620356243,[  77.31275177 -146.75553894],[ 449.53277588 -151.77142334],[ 459.97937012 -151.81413269],[ 466.03775024 -151.83901978]
367,10.447261434867292,6.058462074491841,389.96336849898967,[  77.50076294 -146.75686646],[ 450.925354   -151.77708435],[ 461.37252808 -151.81980896],[ 467.43093872 -151.84477234]
368,10.447841638793149,6.058461948823609,391.1684714014127,[  77.68877411 -146.75810242],[ 452.31793213 -151.78274536],[ 462.76568604 -151.82556152],[ 468.82409668 -151.85049438]
369,10.448421593010128,6.058461572741235,392.3735664013365,[  77.87679291 -146.75933838],[ 453.71051025 -151.78848267],[ 464.15884399 -151.83132935],[ 470.21725464 -151.85617065]
370,10.449031751833365,6.058430867896321,393.5786695483149,[  78.06480408 -146.76052856],[ 455.10308838 -151.79421997],[ 465.55203247 -151.83702087],[ 471.6104126  -151.86181641]
371,10.449611768550783,6.05849190254139,394.7838356208347,[  78.25281525 -146.76167297],[ 456.4956665  -151.79989624],[ 466.94519043 -151.84274292],[ 473.00363159 -151.86753845]
372,10.450191347590033,6.058492090062828,395.98894116726603,[  78.44082642 -146.76280212],[ 457.88824463 -151.80563354],[ 468.33834839 -151.84841919],[ 474.39678955 -151.8732605 ]
373,10.450771301698893,6.0584922779301325,397.19404898212906,[  78.62883759 -146.76383972],[ 459.28082275 -151.81134033],[ 469.73150635 -151.85415649],[ 475.78994751 -151.87904358]
374,10.451351443649978,6.058461760609488,398.39911816110896,[  78.81685638 -146.76489258],[ 460.67340088 -151.81700134],[ 471.12466431 -151.8598938 ],[ 477.18307495 -151.88478088]
375,10.45199224478661,6.05837014598544,399.6042034776032,[  79.00485992 -146.76586914],[ 462.065979   -151.82273865],[ 472.5178833  -151.86561584],[ 478.57620239 -151.89048767]
376,10.452571886214571,6.058339566040477,400.8092818437262,[  79.19287109 -146.76681519],[ 463.45855713 -151.82850647],[ 473.91104126 -151.87133789],[ 479.96932983 -151.89619446]
377,10.453152090866201,6.058369646071921,402.01441370001976,[  79.38088989 -146.76774597],[ 464.85113525 -151.834198  ],[ 475.30419922 -151.87712097],[ 481.36251831 -151.90187073]
378,10.453701340000082,6.058461135727032,403.21958534340405,[  79.56890106 -146.76858521],[ 466.24371338 -151.83992004],[ 476.69732666 -151.88282776],[ 482.7557373  -151.90756226]
379,10.454250714417574,6.058491528536121,404.4246956482069,[  79.75691223 -146.7694397 ],[ 467.6362915  -151.84559631],[ 478.0904541  -151.88851929],[ 484.14889526 -151.91322327]
380,10.454800276956608,6.058521735247871,405.6298066141131,[  79.9449234  -146.77024841],[ 469.02886963 -151.85125732],[ 479.48358154 -151.89424133],[ 485.54205322 -151.91886902]
381,10.455440889933758,6.05846088685009,406.8349190094896,[  80.13293457 -146.77098083],[ 470.42144775 -151.85693359],[ 480.87680054 -151.89985657],[ 486.93521118 -151.92453003]
382,10.456050985976864,6.058461260396083,408.04005551843693,[  80.32095337 -146.77172852],[ 471.81402588 -151.86265564],[ 482.26998901 -151.90551758],[ 488.32839966 -151.93028259]
383,10.456600110229434,6.058461572741235,409.245169782632,[  80.50896454 -146.77244568],[ 473.20663452 -151.86837769],[ 483.66314697 -151.91119385],[ 489.72155762 -151.93603516]
384,10.457179564898013,6.058462137383601,410.4502856446436,[  80.69697571 -146.77308655],[ 474.59921265 -151.87411499],[ 485.05630493 -151.9168396 ],[ 491.11471558 -151.94181824]
385,10.457789849038933,6.058431368727128,411.6554004095293,[  80.88498688 -146.77374268],[ 475.99179077 -151.87988281],[ 486.44949341 -151.92259216],[ 492.50787354 -151.94750977]
386,10.458186511943168,6.058430992873441,412.8605154227872,[  81.07299805 -146.77436829],[ 477.384552   -151.88565063],[ 487.84265137 -151.92834473],[ 493.90103149 -151.95317078]
387,10.458461292482681,6.058461260396083,414.0656552879341,[  81.26101685 -146.77490234],[ 478.7774353  -151.89138794],[ 489.23580933 -151.93411255],[ 495.29421997 -151.95887756]
388,10.458583548878908,6.058461385218854,415.2707728854984,[  81.44902802 -146.77545166],[ 480.17047119 -151.89706421],[ 490.62896729 -151.93983459],[ 496.68737793 -151.96463013]
389,10.45873651029383,6.058461385218854,416.4758823269709,[  81.63704681 -146.77598572],[ 481.56347656 -151.90264893],[ 492.02212524 -151.94551086],[ 498.08053589 -151.9703064 ]
390,10.458980586347776,6.058430867896321,417.68097636574316,[  81.82508087 -146.77653503],[ 482.9564209 -151.9083252],[ 493.41531372 -151.95117188],[ 499.47369385 -151.97596741]
391,10.459163815341933,6.058430992873441,418.8860731033877,[  82.01311493 -146.77697754],[ 484.34939575 -151.91401672],[ 494.80847168 -151.95689392],[ 500.86685181 -151.98171997]
392,10.459346981835317,6.058461447687884,420.0912003899899,[  82.20114899 -146.7774353 ],[ 485.74237061 -151.91976929],[ 496.20162964 -151.96266174],[ 502.26004028 -151.98747253]
393,10.459529773176357,6.058461385218854,421.29628918763945,[  82.38919067 -146.77786255],[ 487.13534546 -151.92553711],[ 497.5947876  -151.96835327],[ 503.65319824 -151.9931488 ]
394,10.45971256508488,6.058461385218854,422.5013854589616,[  82.57722473 -146.77830505],[ 488.52832031 -151.93127441],[ 498.98794556 -151.97401428],[ 505.0463562  -151.99880981]
395,10.459956641334776,6.058431243288845,423.70648326908594,[  82.76525879 -146.7787323 ],[ 489.92126465 -151.93695068],[ 500.38113403 -151.97967529],[ 506.43951416 -152.00456238]
396,10.460140057178172,6.058431305988771,424.911573665132,[  82.95330048 -146.77915955],[ 491.3142395  -151.94261169],[ 501.77429199 -151.9854126 ],[ 507.83267212 -152.01031494]
397,10.460323411032025,6.058461510195345,426.1167024181822,[  83.14133453 -146.7795105 ],[ 492.70721436 -151.94830322],[ 503.16744995 -151.99116516],[ 509.2258606  -152.01599121]
398,10.460506514963617,6.058461135727032,427.32179323826125,[  83.32937622 -146.77984619],[ 494.10018921 -151.95405579],[ 504.56060791 -151.99691772],[ 510.61901855 -152.02165222]
399,10.460689556384576,6.058430930365666,428.5268626890777,[  83.51741028 -146.78016663],[ 495.49316406 -151.95974731],[ 505.95376587 -152.00259399],[ 512.012146   -152.02740479]
400,10.46093375747087,6.058431243288845,429.7319931868757,[  83.70544434 -146.78050232],[ 496.8861084  -151.96540833],[ 507.34695435 -152.00827026],[ 513.40533447 -152.03315735]
401,10.461238618376068,6.0583401310400955,430.93711663009174,[  83.89348602 -146.78082275],[ 498.27908325 -151.97114563],[ 508.74023438 -152.01393127],[ 514.79852295 -152.03892517]
